-0.65203 0.07239
-0.53709 0.01008
-0.89740 0.01622
-0.74517 0.12398
-0.93607 0.07261
-0.93599 0.17762
-0.81120 0.17600
-0.75074 0.37621
-0.60313 -0.20623
-0.67283 0.38320
-0.69658 0.13558
-0.99732 0.06990
-0.81622 0.27241
-0.70486 0.13052
-0.71932 0.00141
-0.84067 -0.14708
-0.67424 0.06436
-0.56131 -0.05351
-0.57197 -0.05785
-0.69907 0.05174
-0.61121 0.26414
-0.76760 0.17856
-0.91022 0.01853
-0.90186 0.10182
-0.77018 0.10559
-0.63922 -0.24245
-0.65322 -0.02618
-0.66885 0.18234
-0.81975 0.26523
-0.87440 0.07894
-0.55477 0.17540
-0.57453 0.09537
-0.72772 0.21586
-0.61554 0.15940
-0.73709 0.23119
-0.89885 0.15619
-0.78620 0.33240
-0.66534 0.22733
-0.49163 0.19586
-0.88956 0.33686
-0.56161 0.09376
-0.65091 -0.06109
-0.71875 0.02662
-0.62553 0.03556
-0.57135 0.13395
-0.79468 0.16043
-0.74243 0.18054
-0.90615 0.01221
-0.77393 -0.00540
-0.49353 0.07252
-0.65312 0.02497
-0.66867 0.17557
-0.83371 0.13016
-0.78457 0.06219
-0.67531 0.12725
-0.97703 0.09875
-0.87443 -0.17426
-0.77409 -0.03545
-0.72541 -0.04178
-0.67855 -0.06898
-0.52352 0.17910
-0.62099 -0.04360
-0.91655 0.09765
-0.63090 0.05146
-0.93663 0.04514
-0.71112 0.02363
-0.41029 -0.01072
-0.76522 -0.01159
-0.90203 0.31752
-0.71444 0.13562
-0.75976 0.16513
-0.75468 0.06022
-0.63387 -0.18145
-0.80378 0.09887
-0.78385 0.17639
-0.61544 -0.14393
-0.68596 0.07618
-0.68043 0.31688
-0.89010 0.07650
-0.66675 0.21699
-0.65066 -0.06381
-0.46879 0.14110
-0.83288 0.08265
-0.50907 0.05095
-0.71942 -0.25388
-0.81641 0.08039
-0.69366 -0.07821
-0.72151 0.04677
-0.61830 0.12127
-0.70982 -0.02957
-0.46833 0.21154
-0.91748 0.08009
-0.70961 0.22138
-0.49778 -0.03452
-0.76393 -0.06967
-0.62723 0.23984
-0.78720 0.08787
-0.74961 0.13221
-0.65824 0.13220
-0.65875 0.04905
-0.89207 0.12991
-0.92312 0.06246
-0.83839 0.27919
-0.68314 0.26135
-0.67048 0.23289
-0.88758 0.22104
-0.69689 0.05533
-0.54612 -0.05036
-0.66472 0.17284
-0.51650 -0.00949
-0.71064 -0.01948
-0.44182 0.16492
-0.80541 0.14851
-0.87083 -0.00484
-0.65236 0.10430
-0.83850 0.20429
-0.82723 0.19363
-0.78521 0.02927
-0.68842 0.03481
-0.86852 0.18534
-0.75875 -0.08876
-0.65911 -0.11695
-0.67810 0.15828
-0.57162 0.03910
-0.73456 -0.07702
-0.49186 0.11410
-0.59386 0.01166
-0.71527 0.24051
-0.59973 0.13379
-0.93939 -0.11694
-0.58945 0.06209
-0.84879 0.02202
-0.58798 -0.00688
-0.77668 -0.01907
-0.88021 -0.08904
-0.59583 0.16010
-0.76591 0.13926
-0.56968 -0.07499
-0.74376 0.04938
-0.80611 -0.10124
-0.87865 0.11756
-0.49415 0.27133
-0.58338 -0.10559
-0.52552 0.26116
-0.82341 0.12578
-0.76697 0.09835
-0.79556 0.13529
-0.84999 -0.09001
-0.64401 0.31390
-0.67522 -0.05552
-0.71409 0.08020
-0.66942 0.19668
-0.76607 -0.05256
-0.62605 0.16716
-0.64490 0.08224
-0.79705 -0.26526
-0.75027 -0.00338
-0.47917 -0.28602
-0.49240 0.01210
-0.80743 0.15741
-0.82313 0.04840
-0.73690 0.17330
-0.67421 -0.04440
-0.95682 0.12411
-0.69533 0.13012
-0.65709 0.00234
-0.77275 0.31660
-0.67630 -0.11121
-0.65389 0.15376
-0.91789 0.02752
-0.80910 0.02384
-0.97328 0.21385
-0.43101 0.14592
-0.72842 0.18627
-0.83770 0.13037
-0.78284 -0.11979
-0.66492 0.02779
-0.80239 -0.17037
-0.55661 0.07506
-0.68394 0.12565
-0.48162 0.06168
-0.87510 0.09773
-0.76045 0.12491
-0.97259 0.15928
-0.68058 -0.00967
-0.63184 0.04853
-0.89505 0.02883
-0.80110 0.08577
-0.69533 0.02989
-0.80210 0.13317
-0.81401 0.16619
-0.99545 0.13895
-0.72500 0.10478
-0.74691 0.23865
-0.69454 0.14750
-0.99920 -0.15430
-0.83412 0.05878
-0.65136 -0.04971
-0.82061 0.02936
-0.63153 -0.01937
-0.62241 -0.09634
-0.75960 0.01530
-0.62763 0.14782
-0.91529 -0.04651
-0.92080 0.11151
-0.88983 -0.04682
-0.62627 0.17131
-0.93496 0.00291
-0.63724 0.00766
-0.87912 0.19156
-0.56475 -0.14276
-0.89988 0.11746
-0.61178 -0.06574
-0.65738 0.03357
-0.46222 0.21467
-0.67171 0.20953
-0.72888 0.26092
-0.77323 0.05611
-0.59188 0.05036
-0.68312 0.13779
-0.70055 -0.01324
-0.84200 0.01801
-0.78846 0.08464
-0.65381 0.12200
-0.69566 -0.33908
-0.69174 -0.08086
-0.56939 -0.05193
-0.71381 0.16169
-0.80753 -0.03735
-0.78936 0.29944
-0.95819 0.12335
-0.66423 -0.04856
-0.58400 -0.11351
-0.54425 0.10225
-0.74123 0.00414
-0.99282 0.16039
-0.86421 0.10905
-0.86962 -0.12128
-0.76134 0.04324
-0.64886 -0.05437
-0.60483 0.10482
-0.64446 -0.06393
-0.84495 0.22314
-0.58082 0.24164
-0.80044 0.03894
-0.70775 0.10160
-0.89849 0.00283
-0.60485 0.11533
-0.71337 0.18349
-0.68104 0.02540
-0.60367 0.04724
-0.86624 0.17433
-0.55114 0.20066
-0.65818 0.04026
-0.62956 -0.07897
-0.71358 -0.01366
-0.75503 0.24922
-0.71095 0.08587
-0.61761 0.23198
-0.80811 0.20641
-0.73169 0.05517
-0.74389 -0.00963
-0.72560 0.16407
-0.61763 -0.04094
-0.67428 0.14173
-0.95175 -0.01241
-0.58533 0.08192
-0.60199 -0.11466
-0.73483 -0.04988
-0.81832 0.19443
-0.66379 -0.11123
-0.64831 0.13670
-0.46535 0.06683
-0.82116 0.00305
-0.66672 -0.04673
-0.68197 0.19561
-0.74031 0.17967
-0.77858 0.27791
-0.77336 0.13006
-0.88359 0.19180
-0.84942 0.00284
-0.90977 0.13737
-0.96289 0.08490
-0.75054 0.08818
-0.52251 0.15082
-0.66239 -0.08861
-0.64927 0.08829
-0.72711 -0.01536
-0.79533 -0.08205
-0.78549 0.16694
-0.60798 0.19492
-0.50197 0.13694
-0.72606 -0.26616
-0.84119 0.08396
-0.77437 0.09442
-0.75451 0.12876
-0.61534 0.16065
-0.78984 0.11862
-0.61890 -0.33055
-0.75389 -0.15180